0.00
0.00
0.00
0.00
0.00
17010.00
15137.00
5195.00
4797.00
3247.00
3282.00
3221.00
2661.00
2666.00
2671.00
2358.00
2348.00
2369.00
2129.00
2107.00
2117.00
1935.00
1931.00
1970.00
1828.00
1845.00
1809.00
1805.00
1849.00
1710.00
1738.00
1729.00
1758.00
1725.00
1631.00
1662.00
1649.00
1644.00
1633.00
1634.00
1636.00
1521.00
1532.00
1525.00
1553.00
1543.00
1523.00
1535.00
1520.00
1533.00
1566.00
1558.00
1542.00
1558.00
1561.00
1518.00
1538.00
1529.00
1557.00
1551.00
1526.00
1518.00
1639.00
1641.00
1647.00
1641.00
1643.00
1639.00
1650.00
1737.00
1720.00
1715.00
1709.00
1714.00
1844.00
1833.00
1848.00
1799.00
1815.00
1921.00
1975.00
1955.00
2140.00
2112.00
2100.00
2314.00
2329.00
2379.00
2644.00
2692.00
2638.00
3208.00
3180.00
3162.00
4518.00
4658.00
10273.00
14175.00
0.00
0.00
0.00
