0.00
0.00
0.00
0.00
0.00
0.00
0.00
0.00
0.00
0.00
0.00
0.00
0.00
0.00
0.00
0.00
0.00
0.00
0.00
0.00
0.00
0.00
0.00
0.00
11759.00
2158.00
2139.00
2000.00
2012.00
1965.00
1835.00
1831.00
1842.00
1766.00
1715.00
1756.00
1735.00
1652.00
1664.00
1669.00
1680.00
1649.00
1565.00
1531.00
1549.00
1543.00
1525.00
1541.00
1548.00
1531.00
1534.00
1549.00
1570.00
1532.00
1537.00
1542.00
1546.00
1520.00
1567.00
1679.00
1648.00
1654.00
1669.00
1672.00
1724.00
1725.00
1758.00
1760.00
1828.00
1856.00
1862.00
1945.00
1943.00
1992.00
2109.00
2114.00
2170.00
2385.00
2341.00
2650.00
2662.00
2655.00
3301.00
3238.00
3190.00
4562.00
4620.00
4670.00
10377.00
12058.00
12037.00
0.00
0.00
0.00
0.00
0.00
0.00
0.00
0.00
0.00
