0.00
0.00
0.00
0.00
0.00
0.00
0.00
0.00
0.00
0.00
8965.00
2016.00
1850.00
1838.00
1741.00
1682.00
1551.00
1521.00
1547.00
1532.00
1533.00
1543.00
1538.00
1525.00
1529.00
1538.00
1565.00
1557.00
1548.00
1541.00
1574.00
1567.00
1538.00
1566.00
1561.00
1542.00
1566.00
1559.00
1556.00
1568.00
1530.00
1528.00
1569.00
1529.00
1529.00
1543.00
1540.00
1536.00
1565.00
1534.00
1532.00
1538.00
1545.00
1524.00
1534.00
1542.00
1523.00
1539.00
1538.00
1536.00
1569.00
1533.00
1525.00
1536.00
1537.00
1524.00
1532.00
1539.00
1558.00
1568.00
1553.00
1562.00
1537.00
1555.00
1561.00
1565.00
1551.00
1564.00
1533.00
1558.00
1524.00
1517.00
1559.00
1521.00
1525.00
1653.00
1751.00
1854.00
1858.00
1952.00
2118.00
2327.00
2329.00
2643.00
3158.00
3219.00
4377.00
9029.00
0.00
0.00
